16

data\MODEL\enemy\00_enemybodyD000.x
data\MODEL\enemy\01_enemybodyU000.x
data\MODEL\enemy\02_enemyhead000.x
data\MODEL\enemy\03_enemyarmUR000.x
data\MODEL\enemy\04_enemyarmDR000.x
data\MODEL\enemy\05_enemyhandR000.x
data\MODEL\enemy\06_enemyarmUL000.x
data\MODEL\enemy\07_enemyarmDL000.x
data\MODEL\enemy\08_enemyhandL000.x
data\MODEL\enemy\09_enemylegUR000.x
data\MODEL\enemy\10_enemylegDR000.x
data\MODEL\enemy\11_enemyfootR000.x
data\MODEL\enemy\12_enemylegUL000.x
data\MODEL\enemy\13_enemylegDL000.x
data\MODEL\enemy\14_enemyfootL000.x
data\MODEL\weapon\15_playerweapon000.x

-1
0.00 25.00 0.00
0.00 0.00 0.00

0
0.00 7.50 0.00
0.00 0.00 0.00

1
0.00 13.00 0.00
0.00 0.00 0.00

1
-8.50 9.50 0.00
0.00 0.00 0.00

3
-10.50 0.00 0.00
0.00 0.00 0.00

4
-10.50 0.00 0.00
0.00 0.00 0.00

1
8.50 9.50 0.00
0.00 0.00 0.00

6
10.50 0.00 0.00
0.00 0.00 0.00

7
10.50 0.00 0.00
0.00 0.00 0.00

0
-3.00 -0.50 0.00
0.00 0.00 0.00

9
0.00 -10.50 0.00
0.00 0.00 0.00

10
0.00 -10.50 0.00
0.00 0.00 0.00

0
3.00 -0.50 0.00
0.00 0.00 0.00

12
0.00 -10.50 0.00
0.00 0.00 0.00

13
0.00 -10.50 0.00
0.00 0.00 0.00

5
-2.00 2.00 0.00
0.00 0.00 0.00


3

1

2

10


60

0.00 0.00 0.00
-0.03 0.88 0.00

0.00 0.00 0.00
-0.03 -0.38 0.00

0.00 0.00 0.00
0.03 -0.38 0.00

0.00 0.00 0.00
0.00 -0.03 1.07

0.00 0.00 0.00
-0.94 -0.70 0.81

0.00 0.00 0.00
-0.31 0.00 0.31

0.00 0.00 0.00
0.00 -0.03 -1.07

0.00 0.00 0.00
0.00 0.13 -0.43

0.00 0.00 0.00
-1.70 0.13 -0.16

0.00 0.00 0.00
0.07 0.00 -0.44

0.00 0.00 0.00
-0.07 0.22 0.19

0.00 0.00 0.00
-0.03 0.13 0.19

0.00 0.00 0.00
0.19 -0.44 0.32

0.00 0.00 0.00
-0.07 -0.35 0.00

0.00 0.00 0.00
-0.16 0.06 -0.12

0.00 0.00 0.00
0.00 0.00 0.00

60

0.00 -0.50 0.00
-0.03 0.88 0.00

0.00 0.00 0.00
-0.09 -0.38 0.00

0.00 0.00 0.00
0.03 -0.38 0.00

0.00 0.00 0.00
0.00 -0.09 1.14

0.00 0.00 0.00
-0.94 -0.70 0.81

0.00 0.00 0.00
-0.31 0.00 0.31

0.00 0.00 0.00
0.06 0.03 -1.14

0.00 0.00 0.00
0.00 0.13 -0.43

0.00 0.00 0.00
-1.70 0.13 -0.16

0.00 0.00 0.00
0.13 0.06 -0.50

0.00 0.00 0.00
-0.13 0.22 0.31

0.00 0.00 0.00
-0.03 0.00 0.19

0.00 0.00 0.00
0.26 -0.44 0.38

0.00 0.00 0.00
-0.19 -0.35 -0.06

0.00 0.00 0.00
-0.10 -0.06 -0.12

0.00 0.00 0.00
0.00 0.00 0.00


1

4

10


7

0.00 1.00 -1.60
-0.66 0.03 0.00

0.00 0.00 0.00
-0.34 0.09 0.00

0.00 0.00 0.00
0.73 0.00 -0.06

0.00 0.00 0.00
0.00 -0.09 1.14

0.00 0.00 0.00
-0.94 -0.70 0.81

0.00 0.00 0.00
0.26 0.00 0.31

0.00 0.00 0.00
-0.63 0.22 -0.98

0.00 0.00 0.00
-0.25 1.19 0.06

0.00 0.00 0.00
0.00 1.63 -0.25

0.00 0.00 0.00
0.16 0.00 0.00

0.00 0.00 0.00
-0.85 0.00 0.00

0.00 0.00 0.00
-0.19 0.00 0.00

0.00 0.00 0.00
1.45 0.00 0.00

0.00 0.00 0.00
-1.29 0.13 0.00

0.00 0.00 0.00
-0.25 0.00 0.00

0.00 0.00 0.00
0.00 0.00 0.00

8

0.00 -3.00 0.00
-0.53 0.03 0.00

0.00 0.00 0.00
-0.41 0.09 0.00

0.00 0.00 0.00
0.67 0.00 -0.06

0.00 0.00 0.00
0.00 -0.09 1.14

0.00 0.00 0.00
-0.94 -0.70 0.81

0.00 0.00 0.00
0.26 0.00 0.31

0.00 0.00 0.00
-0.69 0.03 -1.04

0.00 0.00 0.00
-0.25 1.19 0.06

0.00 0.00 0.00
0.00 1.63 -0.25

0.00 0.00 0.00
-0.53 0.00 0.00

0.00 0.00 0.00
-1.10 0.00 0.00

0.00 0.00 0.00
-0.25 0.00 0.00

0.00 0.00 0.00
0.82 0.00 0.00

0.00 0.00 0.00
-0.47 0.00 0.00

0.00 0.00 0.00
-0.25 0.00 0.00

0.00 0.00 0.00
0.00 0.00 0.00

7

0.00 1.00 -1.60
-0.59 0.03 0.00

0.00 0.00 0.00
-0.34 0.09 0.00

0.00 0.00 0.00
0.67 0.06 -0.06

0.00 0.00 0.00
0.00 -0.09 1.14

0.00 0.00 0.00
-0.94 -0.70 0.81

0.00 0.00 0.00
0.26 0.00 0.31

0.00 0.00 0.00
-0.25 0.53 -0.72

0.00 0.00 0.00
-0.25 1.19 0.12

0.00 0.00 0.00
0.00 1.13 -0.25

0.00 0.00 0.00
1.29 0.13 0.00

0.00 0.00 0.00
-1.04 0.00 0.00

0.00 0.00 0.00
-0.19 0.00 0.00

0.00 0.00 0.00
0.00 0.00 0.00

0.00 0.00 0.00
-0.41 0.00 0.00

0.00 0.00 0.00
-0.25 0.00 0.00

0.00 0.00 0.00
0.00 0.00 0.00

8

0.00 -3.00 0.00
-0.41 0.03 0.00

0.00 0.00 0.00
-0.53 0.09 0.00

0.00 0.00 0.00
0.67 0.00 -0.06

0.00 0.00 0.00
0.00 -0.09 1.14

0.00 0.00 0.00
-0.94 -0.70 0.81

0.00 0.00 0.00
0.26 0.00 0.31

0.00 0.00 0.00
0.00 0.47 -0.66

0.00 0.00 0.00
-0.44 1.25 0.19

0.00 0.00 0.00
0.00 1.06 -0.06

0.00 0.00 0.00
0.85 0.00 0.00

0.00 0.00 0.00
-0.35 0.00 0.00

0.00 0.00 0.00
-0.44 0.00 0.00

0.00 0.00 0.00
-0.50 0.00 0.00

0.00 0.00 0.00
-1.10 0.00 0.00

0.00 0.00 0.00
-0.50 0.00 0.00

0.00 0.00 0.00
0.00 0.00 0.00


0

5

15


3

-0.40 -4.50 3.50
0.03 0.88 0.19

0.00 0.00 0.00
-0.28 -0.38 0.00

0.00 0.00 0.00
-0.10 -0.38 0.00

0.00 0.00 0.00
0.13 0.44 0.75

0.00 0.00 0.00
-0.18 -1.39 -1.26

0.00 0.00 0.00
0.76 -0.63 -0.39

0.00 0.00 0.00
0.50 0.28 -0.63

0.00 0.00 0.00
0.00 1.13 -0.49

0.00 0.00 0.00
0.00 0.13 -0.16

0.00 0.00 0.00
-0.12 0.00 -1.19

0.00 0.00 0.00
-0.13 0.22 0.69

0.00 0.00 0.00
-0.03 0.13 0.25

0.00 0.00 0.00
0.50 -0.38 0.51

0.00 0.00 0.00
-0.45 -0.35 -0.13

0.00 0.00 0.00
-0.29 0.06 -0.25

0.00 0.00 0.00
0.00 0.00 0.00

5

-0.40 -4.10 2.30
-0.03 0.88 0.06

0.00 0.00 0.00
-0.28 -0.38 0.00

0.00 0.00 0.00
0.03 -0.38 0.00

0.00 0.00 0.00
0.13 -0.63 -0.50

0.00 0.00 0.00
0.44 -1.39 -1.32

0.00 0.00 0.00
0.13 -0.07 -0.07

0.00 0.00 0.00
0.25 0.28 -0.63

0.00 0.00 0.00
-0.50 1.13 -0.36

0.00 0.00 0.00
0.00 0.13 -0.16

0.00 0.00 0.00
0.06 -0.25 -0.94

0.00 0.00 0.00
-0.50 0.00 0.31

0.00 0.00 0.00
-0.09 0.13 0.19

0.00 0.00 0.00
0.56 -0.38 0.57

0.00 0.00 0.00
-0.45 -0.35 -0.13

0.00 0.00 0.00
-0.29 0.06 -0.25

0.00 0.00 0.00
0.00 0.00 0.00

8

-0.40 -3.40 2.30
-0.03 0.31 0.06

0.00 0.00 0.00
-0.28 -0.38 0.00

0.00 0.00 0.00
0.03 0.06 0.00

0.00 0.00 0.00
-0.18 -0.63 -0.69

0.00 0.00 0.00
1.07 -1.14 -1.26

0.00 0.00 0.00
-0.31 -0.07 -0.07

0.00 0.00 0.00
0.12 0.03 -0.88

0.00 0.00 0.00
-0.50 1.13 -0.36

0.00 0.00 0.00
0.00 0.13 -0.16

0.00 0.00 0.00
0.94 -0.25 -0.25

0.00 0.00 0.00
-1.82 -0.25 0.00

0.00 0.00 0.00
-0.57 0.00 0.00

0.00 0.00 0.00
0.62 0.12 0.51

0.00 0.00 0.00
-0.51 -0.35 -0.13

0.00 0.00 0.00
-0.23 0.19 -0.12

0.00 0.00 0.00
0.00 0.00 0.00

10

-0.40 -4.10 -27.60
-0.03 -0.82 0.06

0.00 0.00 0.00
-0.34 -0.00 0.00

0.00 0.00 0.00
0.03 0.75 0.06

0.00 0.00 0.00
-0.70 -2.41 1.01

0.00 0.00 0.00
1.19 -1.39 -1.32

0.00 0.00 0.00
0.26 -0.07 0.31

0.00 0.00 0.00
-0.19 -0.98 -0.94

0.00 0.00 0.00
-0.50 1.13 -0.36

0.00 0.00 0.00
0.00 0.13 -0.16

0.00 0.00 0.00
0.94 0.57 -0.38

0.00 0.00 0.00
-0.69 -0.06 0.06

0.00 0.00 0.00
-0.19 0.06 0.13

0.00 0.00 0.00
-0.31 0.38 0.38

0.00 0.00 0.00
-0.39 0.28 -0.07

0.00 0.00 0.00
0.15 -0.07 -0.12

0.00 0.00 0.00
0.00 0.00 0.00

10

-0.40 -4.10 -27.60
-0.03 -0.82 0.06

0.00 0.00 0.00
-0.34 -0.00 0.00

0.00 0.00 0.00
0.03 0.75 0.06

0.00 0.00 0.00
-0.70 -2.41 1.01

0.00 0.00 0.00
1.19 -1.39 -1.32

0.00 0.00 0.00
0.26 -0.07 0.31

0.00 0.00 0.00
-0.19 -0.98 -0.94

0.00 0.00 0.00
-0.50 1.13 -0.36

0.00 0.00 0.00
0.00 0.13 -0.16

0.00 0.00 0.00
0.94 0.57 -0.38

0.00 0.00 0.00
-0.69 -0.06 0.06

0.00 0.00 0.00
-0.19 0.06 0.13

0.00 0.00 0.00
-0.31 0.38 0.38

0.00 0.00 0.00
-0.39 0.28 -0.07

0.00 0.00 0.00
0.15 -0.07 -0.12

0.00 0.00 0.00
0.00 0.00 0.00