11

0.0 0.0 0.0
0.0 0.0 0.0
1 0 1
3500 0 3500

-3500.0 0.0 -3500.0
0.0 0.0 0.0
1 0 1
3500 0 3500

0.0 0.0 -3500.0
0.0 0.0 0.0
1 0 1
3500 0 3500

3500.0 0.0 -3500.0
0.0 0.0 0.0
1 0 1
3500 0 3500

-3500.0 0.0 0.0
0.0 0.0 0.0
1 0 1
3500 0 3500

3500.0 0.0 0.0
0.0 0.0 0.0
1 0 1
3500 0 3500

-3500.0 0.0 3500.0
0.0 0.0 0.0
1 0 1
3500 0 3500

0.0 0.0 3500.0
0.0 0.0 0.0
1 0 1
3500 0 3500

3500.0 0.0 3500.0
0.0 0.0 0.0
1 0 1
3500 0 3500



0.0 0.0 0.0
0.0 0.0 0.0
1 0 1
1000 0 1000

0.0 0.0 -1000.0
0.0 0.0 0.0
1 0 1
200 0 200

