15

data\MODEL\player\00_playerbodyD000.x
data\MODEL\player\01_playerbodyU000.x
data\MODEL\player\02_playerhead000.x
data\MODEL\player\03_playerarmUR000.x
data\MODEL\player\04_playerarmDR000.x
data\MODEL\player\05_playerhandR000.x
data\MODEL\player\06_playerarmUL000.x
data\MODEL\player\07_playerarmDL000.x
data\MODEL\player\08_playerhandL000.x
data\MODEL\player\09_playerlegUR000.x
data\MODEL\player\10_playerlegDR000.x
data\MODEL\player\11_playerfootR000.x
data\MODEL\player\12_playerlegUL000.x
data\MODEL\player\13_playerlegDL000.x
data\MODEL\player\14_playerfootL000.x

-1
0.00 25.00 0.00
0.00 0.00 0.00

0
0.00 7.50 0.00
0.00 0.00 0.00

1
0.00 13.00 0.00
0.00 0.00 0.00

1
-8.50 9.50 0.00
0.00 0.00 0.00

3
-10.50 0.00 0.00
0.00 0.00 0.00

4
-10.50 0.00 0.00
0.00 0.00 0.00

1
8.50 9.50 0.00
0.00 0.00 0.00

6
10.50 0.00 0.00
0.00 0.00 0.00

7
10.50 0.00 0.00
0.00 0.00 0.00

0
-3.00 -0.50 0.00
0.00 0.00 0.00

9
0.00 -10.50 0.00
0.00 0.00 0.00

10
0.00 -10.50 0.00
0.00 0.00 0.00

0
3.00 -0.50 0.00
0.00 0.00 0.00

12
0.00 -10.50 0.00
0.00 0.00 0.00

13
0.00 -10.50 0.00
0.00 0.00 0.00



7


1

2

10


60

0.00 0.00 0.00
-0.03 0.88 0.00

0.00 0.00 0.00
-0.03 -0.38 0.00

0.00 0.00 0.00
0.03 -0.38 0.00

0.00 0.00 0.00
0.00 -0.03 1.07

0.00 0.00 0.00
-0.94 -0.70 0.81

0.00 0.00 0.00
-0.31 0.00 0.31

0.00 0.00 0.00
0.00 -0.03 -1.07

0.00 0.00 0.00
0.00 0.13 -0.43

0.00 0.00 0.00
-1.70 0.13 -0.16

0.00 0.00 0.00
0.07 0.00 -0.44

0.00 0.00 0.00
-0.07 0.22 0.19

0.00 0.00 0.00
-0.03 0.13 0.19

0.00 0.00 0.00
0.19 -0.44 0.32

0.00 0.00 0.00
-0.07 -0.35 0.00

0.00 0.00 0.00
-0.16 0.06 -0.12

60

0.00 -0.50 0.00
-0.03 0.88 0.00

0.00 0.00 0.00
-0.09 -0.38 0.00

0.00 0.00 0.00
0.03 -0.38 0.00

0.00 0.00 0.00
0.00 -0.09 1.14

0.00 0.00 0.00
-0.94 -0.70 0.81

0.00 0.00 0.00
-0.31 0.00 0.31

0.00 0.00 0.00
0.06 0.03 -1.14

0.00 0.00 0.00
0.00 0.13 -0.43

0.00 0.00 0.00
-1.70 0.13 -0.16

0.00 0.00 0.00
0.13 0.06 -0.50

0.00 0.00 0.00
-0.13 0.22 0.31

0.00 0.00 0.00
-0.03 0.00 0.19

0.00 0.00 0.00
0.26 -0.44 0.38

0.00 0.00 0.00
-0.19 -0.35 -0.06

0.00 0.00 0.00
-0.10 -0.06 -0.12


1

4

10


7

0.00 1.00 -1.60
-0.66 0.03 0.00

0.00 0.00 0.00
-0.34 0.09 0.00

0.00 0.00 0.00
0.73 0.00 -0.06

0.00 0.00 0.00
0.00 -0.09 1.14

0.00 0.00 0.00
-0.94 -0.70 0.81

0.00 0.00 0.00
0.26 0.00 0.31

0.00 0.00 0.00
-0.63 0.22 -0.98

0.00 0.00 0.00
-0.25 1.19 0.06

0.00 0.00 0.00
0.00 1.63 -0.25

0.00 0.00 0.00
0.16 0.00 0.00

0.00 0.00 0.00
-0.85 0.00 0.00

0.00 0.00 0.00
-0.19 0.00 0.00

0.00 0.00 0.00
1.45 0.00 0.00

0.00 0.00 0.00
-1.29 0.13 0.00

0.00 0.00 0.00
-0.25 0.00 0.00

8

0.00 -3.00 0.00
-0.53 0.03 0.00

0.00 0.00 0.00
-0.41 0.09 0.00

0.00 0.00 0.00
0.67 0.00 -0.06

0.00 0.00 0.00
0.00 -0.09 1.14

0.00 0.00 0.00
-0.94 -0.70 0.81

0.00 0.00 0.00
0.26 0.00 0.31

0.00 0.00 0.00
-0.69 0.03 -1.04

0.00 0.00 0.00
-0.25 1.19 0.06

0.00 0.00 0.00
0.00 1.63 -0.25

0.00 0.00 0.00
-0.53 0.00 0.00

0.00 0.00 0.00
-1.10 0.00 0.00

0.00 0.00 0.00
-0.25 0.00 0.00

0.00 0.00 0.00
0.82 0.00 0.00

0.00 0.00 0.00
-0.47 0.00 0.00

0.00 0.00 0.00
-0.25 0.00 0.00

7

0.00 1.00 -1.60
-0.59 0.03 0.00

0.00 0.00 0.00
-0.34 0.09 0.00

0.00 0.00 0.00
0.67 0.06 -0.06

0.00 0.00 0.00
0.00 -0.09 1.14

0.00 0.00 0.00
-0.94 -0.70 0.81

0.00 0.00 0.00
0.26 0.00 0.31

0.00 0.00 0.00
-0.25 0.53 -0.72

0.00 0.00 0.00
-0.25 1.19 0.12

0.00 0.00 0.00
0.00 1.13 -0.25

0.00 0.00 0.00
1.29 0.13 0.00

0.00 0.00 0.00
-1.04 0.00 0.00

0.00 0.00 0.00
-0.19 0.00 0.00

0.00 0.00 0.00
0.00 0.00 0.00

0.00 0.00 0.00
-0.41 0.00 0.00

0.00 0.00 0.00
-0.25 0.00 0.00

8

0.00 -3.00 0.00
-0.41 0.03 0.00

0.00 0.00 0.00
-0.53 0.09 0.00

0.00 0.00 0.00
0.67 0.00 -0.06

0.00 0.00 0.00
0.00 -0.09 1.14

0.00 0.00 0.00
-0.94 -0.70 0.81

0.00 0.00 0.00
0.26 0.00 0.31

0.00 0.00 0.00
0.00 0.47 -0.66

0.00 0.00 0.00
-0.44 1.25 0.19

0.00 0.00 0.00
0.00 1.06 -0.06

0.00 0.00 0.00
0.85 0.00 0.00

0.00 0.00 0.00
-0.35 0.00 0.00

0.00 0.00 0.00
-0.44 0.00 0.00

0.00 0.00 0.00
-0.50 0.00 0.00

0.00 0.00 0.00
-1.10 0.00 0.00

0.00 0.00 0.00
-0.50 0.00 0.00


0

5

15


3

-0.40 -4.50 3.50
0.03 0.88 0.19

0.00 0.00 0.00
-0.28 -0.38 0.00

0.00 0.00 0.00
-0.10 -0.38 0.00

0.00 0.00 0.00
0.13 0.44 0.75

0.00 0.00 0.00
-0.18 -1.39 -1.26

0.00 0.00 0.00
0.76 -0.63 -0.39

0.00 0.00 0.00
0.50 0.28 -0.63

0.00 0.00 0.00
0.00 1.13 -0.49

0.00 0.00 0.00
0.00 0.13 -0.16

0.00 0.00 0.00
-0.12 0.00 -1.19

0.00 0.00 0.00
-0.13 0.22 0.69

0.00 0.00 0.00
-0.03 0.13 0.25

0.00 0.00 0.00
0.50 -0.38 0.51

0.00 0.00 0.00
-0.45 -0.35 -0.13

0.00 0.00 0.00
-0.29 0.06 -0.25

5

-0.40 -4.10 2.30
-0.03 0.88 0.06

0.00 0.00 0.00
-0.28 -0.38 0.00

0.00 0.00 0.00
0.03 -0.38 0.00

0.00 0.00 0.00
0.13 -0.63 -0.50

0.00 0.00 0.00
0.44 -1.39 -1.32

0.00 0.00 0.00
0.13 -0.07 -0.07

0.00 0.00 0.00
0.25 0.28 -0.63

0.00 0.00 0.00
-0.50 1.13 -0.36

0.00 0.00 0.00
0.00 0.13 -0.16

0.00 0.00 0.00
0.06 -0.25 -0.94

0.00 0.00 0.00
-0.50 0.00 0.31

0.00 0.00 0.00
-0.09 0.13 0.19

0.00 0.00 0.00
0.56 -0.38 0.57

0.00 0.00 0.00
-0.45 -0.35 -0.13

0.00 0.00 0.00
-0.29 0.06 -0.25

8

-0.40 -3.40 2.30
-0.03 0.31 0.06

0.00 0.00 0.00
-0.28 -0.38 0.00

0.00 0.00 0.00
0.03 0.06 0.00

0.00 0.00 0.00
-0.18 -0.63 -0.69

0.00 0.00 0.00
1.07 -1.14 -1.26

0.00 0.00 0.00
-0.31 -0.07 -0.07

0.00 0.00 0.00
0.12 0.03 -0.88

0.00 0.00 0.00
-0.50 1.13 -0.36

0.00 0.00 0.00
0.00 0.13 -0.16

0.00 0.00 0.00
0.94 -0.25 -0.25

0.00 0.00 0.00
-1.82 -0.25 0.00

0.00 0.00 0.00
-0.57 0.00 0.00

0.00 0.00 0.00
0.62 0.12 0.51

0.00 0.00 0.00
-0.51 -0.35 -0.13

0.00 0.00 0.00
-0.23 0.19 -0.12

10

-0.40 -4.10 -27.60
-0.03 -0.82 0.06

0.00 0.00 0.00
-0.34 -0.00 0.00

0.00 0.00 0.00
0.03 0.75 0.06

0.00 0.00 0.00
-0.70 -2.41 1.01

0.00 0.00 0.00
1.19 -1.39 -1.32

0.00 0.00 0.00
0.26 -0.07 0.31

0.00 0.00 0.00
-0.19 -0.98 -0.94

0.00 0.00 0.00
-0.50 1.13 -0.36

0.00 0.00 0.00
0.00 0.13 -0.16

0.00 0.00 0.00
0.94 0.57 -0.38

0.00 0.00 0.00
-0.69 -0.06 0.06

0.00 0.00 0.00
-0.19 0.06 0.13

0.00 0.00 0.00
-0.31 0.38 0.38

0.00 0.00 0.00
-0.39 0.28 -0.07

0.00 0.00 0.00
0.15 -0.07 -0.12

10

-0.40 -4.10 -27.60
-0.03 -0.82 0.06

0.00 0.00 0.00
-0.34 -0.00 0.00

0.00 0.00 0.00
0.03 0.75 0.06

0.00 0.00 0.00
-0.70 -2.41 1.01

0.00 0.00 0.00
1.19 -1.39 -1.32

0.00 0.00 0.00
0.26 -0.07 0.31

0.00 0.00 0.00
-0.19 -0.98 -0.94

0.00 0.00 0.00
-0.50 1.13 -0.36

0.00 0.00 0.00
0.00 0.13 -0.16

0.00 0.00 0.00
0.94 0.57 -0.38

0.00 0.00 0.00
-0.69 -0.06 0.06

0.00 0.00 0.00
-0.19 0.06 0.13

0.00 0.00 0.00
-0.31 0.38 0.38

0.00 0.00 0.00
-0.39 0.28 -0.07

0.00 0.00 0.00
0.15 -0.07 -0.12


0

4

10


8

-0.40 -6.50 -27.60
-0.03 -0.82 0.06

0.00 0.00 0.00
-0.59 -0.44 0.00

0.00 0.00 0.00
0.03 0.88 0.06

0.00 0.00 0.00
-1.58 -2.03 0.38

0.00 0.00 0.00
-0.32 -0.01 -1.07

0.00 0.00 0.00
0.26 -0.07 0.31

0.00 0.00 0.00
-0.19 -0.98 -0.94

0.00 0.00 0.00
-0.50 1.13 -0.36

0.00 0.00 0.00
0.00 0.13 -0.16

0.00 0.00 0.00
1.25 0.57 -0.38

0.00 0.00 0.00
-1.07 -0.06 0.06

0.00 0.00 0.00
-0.19 0.06 0.13

0.00 0.00 0.00
0.00 0.38 0.38

0.00 0.00 0.00
-0.96 0.28 -0.07

0.00 0.00 0.00
0.15 -0.07 -0.12

3

-0.40 -5.60 -27.60
-0.03 -0.82 0.06

0.00 0.00 0.00
-0.53 -0.06 0.00

0.00 0.00 0.00
0.03 0.75 0.06

0.00 0.00 0.00
-1.52 -2.41 0.76

0.00 0.00 0.00
-0.44 -0.13 -0.00

0.00 0.00 0.00
0.07 0.06 1.13

0.00 0.00 0.00
0.06 -0.85 -1.25

0.00 0.00 0.00
-0.50 1.13 -0.36

0.00 0.00 0.00
0.00 0.13 -0.16

0.00 0.00 0.00
1.13 0.57 -0.38

0.00 0.00 0.00
-0.94 -0.06 0.06

0.00 0.00 0.00
-0.19 0.06 0.13

0.00 0.00 0.00
-0.12 0.38 0.38

0.00 0.00 0.00
-0.70 0.28 -0.07

0.00 0.00 0.00
0.15 -0.07 -0.12

4

-0.40 -4.10 -27.60
-0.03 -0.82 0.06

0.00 0.00 0.00
-0.34 0.25 0.00

0.00 0.00 0.00
0.03 0.62 0.06

0.00 0.00 0.00
-2.21 -2.41 2.27

0.00 0.00 0.00
-0.44 -0.13 -0.00

0.00 0.00 0.00
0.07 0.06 1.13

0.00 0.00 0.00
0.06 -0.85 -1.25

0.00 0.00 0.00
-0.50 1.13 -0.36

0.00 0.00 0.00
0.00 0.13 -0.16

0.00 0.00 0.00
0.94 0.57 -0.38

0.00 0.00 0.00
-0.69 -0.06 0.06

0.00 0.00 0.00
-0.19 0.06 0.13

0.00 0.00 0.00
-0.31 0.38 0.38

0.00 0.00 0.00
-0.39 0.28 -0.07

0.00 0.00 0.00
0.15 -0.07 -0.12

10

-0.40 -4.10 -27.60
-0.03 -0.82 0.06

0.00 0.00 0.00
-0.34 0.25 0.00

0.00 0.00 0.00
0.03 0.62 0.06

0.00 0.00 0.00
-2.21 -2.41 2.27

0.00 0.00 0.00
-0.44 -0.13 -0.00

0.00 0.00 0.00
0.07 0.06 1.13

0.00 0.00 0.00
0.06 -0.85 -1.25

0.00 0.00 0.00
-0.50 1.13 -0.36

0.00 0.00 0.00
0.00 0.13 -0.16

0.00 0.00 0.00
0.94 0.57 -0.38

0.00 0.00 0.00
-0.69 -0.06 0.06

0.00 0.00 0.00
-0.19 0.06 0.13

0.00 0.00 0.00
-0.31 0.38 0.38

0.00 0.00 0.00
-0.39 0.28 -0.07

0.00 0.00 0.00
0.15 -0.07 -0.12


0

6

10


5

-0.10 -0.60 -40.20
-0.03 -0.57 0.06

0.00 0.00 0.00
-0.34 0.38 0.00

0.00 0.00 0.00
0.03 0.62 0.06

0.00 0.00 0.00
-2.21 -2.16 2.27

0.00 0.00 0.00
-0.13 -0.13 -1.07

0.00 0.00 0.00
0.07 0.06 1.13

0.00 0.00 0.00
1.07 -0.73 -1.32

0.00 0.00 0.00
-0.25 1.44 -1.30

0.00 0.00 0.00
0.00 0.13 -0.16

0.00 0.00 0.00
0.44 0.57 -0.25

0.00 0.00 0.00
-0.69 -0.06 0.06

0.00 0.00 0.00
-0.19 0.06 0.13

0.00 0.00 0.00
0.44 0.63 0.38

0.00 0.00 0.00
-1.27 0.28 -0.07

0.00 0.00 0.00
0.15 -0.07 -0.12

5

-10.60 -0.60 -49.40
-0.03 1.32 0.06

0.00 0.00 0.00
-0.34 0.19 0.00

0.00 0.00 0.00
0.03 0.62 0.06

0.00 0.00 0.00
-2.33 2.74 2.27

0.00 0.00 0.00
-0.26 -0.13 -1.19

0.00 0.00 0.00
0.07 0.06 1.13

0.00 0.00 0.00
1.26 0.09 -1.32

0.00 0.00 0.00
-0.25 1.44 -1.30

0.00 0.00 0.00
0.00 0.13 -0.16

0.00 0.00 0.00
-0.00 -0.62 -0.07

0.00 0.00 0.00
-0.50 -0.06 0.06

0.00 0.00 0.00
-0.19 0.06 0.13

0.00 0.00 0.00
0.44 0.38 0.25

0.00 0.00 0.00
-0.33 0.28 -0.07

0.00 0.00 0.00
-0.04 -0.13 -0.12

5

-10.60 -0.60 -49.40
-0.03 2.89 0.06

0.00 0.00 0.00
-0.34 0.19 0.00

0.00 0.00 0.00
0.03 0.62 0.06

0.00 0.00 0.00
-2.33 2.74 2.27

0.00 0.00 0.00
-0.26 -0.13 -1.19

0.00 0.00 0.00
0.07 0.06 1.13

0.00 0.00 0.00
1.26 0.09 -1.32

0.00 0.00 0.00
-0.25 1.44 -1.30

0.00 0.00 0.00
0.00 0.13 -0.16

0.00 0.00 0.00
0.50 -0.18 -0.25

0.00 0.00 0.00
-0.50 -0.06 0.06

0.00 0.00 0.00
-0.19 0.06 0.13

0.00 0.00 0.00
-0.06 0.13 0.07

0.00 0.00 0.00
-0.33 0.28 -0.07

0.00 0.00 0.00
0.09 -0.13 -0.12

5

-18.30 -5.30 -74.60
-0.03 -1.39 0.06

0.00 0.00 0.00
-0.34 0.19 0.00

0.00 0.00 0.00
0.03 0.94 0.06

0.00 0.00 0.00
-2.15 2.74 2.27

0.00 0.00 0.00
-0.26 -0.13 -1.19

0.00 0.00 0.00
0.07 0.06 1.13

0.00 0.00 0.00
1.26 -0.35 -1.32

0.00 0.00 0.00
0.13 1.44 -1.30

0.00 0.00 0.00
0.00 0.13 -0.16

0.00 0.00 0.00
1.07 1.07 -0.38

0.00 0.00 0.00
-0.82 -0.06 0.06

0.00 0.00 0.00
-0.19 0.06 0.13

0.00 0.00 0.00
0.13 0.13 0.69

0.00 0.00 0.00
-0.33 0.28 -0.07

0.00 0.00 0.00
0.09 -0.13 -0.12

5

-18.30 -5.30 -74.60
-0.03 -1.20 0.06

0.00 0.00 0.00
-0.34 0.75 0.00

0.00 0.00 0.00
0.03 0.50 0.06

0.00 0.00 0.00
-2.15 -2.35 2.27

0.00 0.00 0.00
-0.26 -0.13 0.25

0.00 0.00 0.00
0.07 0.06 1.13

0.00 0.00 0.00
1.26 -0.35 -1.32

0.00 0.00 0.00
-1.13 1.44 -1.30

0.00 0.00 0.00
0.00 0.13 -0.16

0.00 0.00 0.00
1.07 1.07 -0.25

0.00 0.00 0.00
-0.82 -0.06 0.06

0.00 0.00 0.00
-0.19 0.06 0.13

0.00 0.00 0.00
0.13 -0.12 0.69

0.00 0.00 0.00
-0.33 0.28 -0.07

0.00 0.00 0.00
0.09 -0.13 -0.12

10

-18.30 -5.30 -74.60
-0.03 -1.20 0.06

0.00 0.00 0.00
-0.34 0.75 0.00

0.00 0.00 0.00
0.03 0.50 0.06

0.00 0.00 0.00
-2.15 -2.35 2.27

0.00 0.00 0.00
-0.26 -0.13 0.25

0.00 0.00 0.00
0.07 0.06 1.13

0.00 0.00 0.00
1.26 -0.35 -1.32

0.00 0.00 0.00
-1.13 1.44 -1.30

0.00 0.00 0.00
0.00 0.13 -0.16

0.00 0.00 0.00
1.07 1.07 -0.25

0.00 0.00 0.00
-0.82 -0.06 0.06

0.00 0.00 0.00
-0.19 0.06 0.13

0.00 0.00 0.00
0.13 -0.12 0.69

0.00 0.00 0.00
-0.33 0.28 -0.07

0.00 0.00 0.00
0.09 -0.13 -0.12


0

3

15


20

0.00 0.00 0.00
-0.03 0.88 0.00

0.00 0.00 0.00
-0.03 -0.38 0.00

0.00 0.00 0.00
0.03 -0.38 0.00

0.00 0.00 0.00
1.51 -0.16 1.07

0.00 0.00 0.00
0.00 -0.70 1.31

0.00 0.00 0.00
-0.31 0.00 0.31

0.00 0.00 0.00
1.45 0.35 -1.07

0.00 0.00 0.00
0.00 0.13 -0.87

0.00 0.00 0.00
-1.51 0.00 0.06

0.00 0.00 0.00
0.07 0.00 -0.44

0.00 0.00 0.00
-0.07 0.22 0.19

0.00 0.00 0.00
-0.03 0.13 0.19

0.00 0.00 0.00
0.19 -0.44 0.32

0.00 0.00 0.00
-0.07 -0.35 0.00

0.00 0.00 0.00
-0.16 0.06 -0.12

30

4.10 0.00 2.10
-0.03 1.26 0.00

0.00 0.00 0.00
-0.03 0.06 0.00

0.00 0.00 0.00
0.03 -1.20 0.00

0.00 0.00 0.00
1.01 -0.16 0.13

0.00 0.00 0.00
1.07 -0.70 1.94

0.00 0.00 0.00
-0.31 0.00 0.31

0.00 0.00 0.00
1.45 -0.34 -1.07

0.00 0.00 0.00
0.00 0.00 0.00

0.00 0.00 0.00
-1.51 0.00 0.06

0.00 0.00 0.00
0.07 0.00 -0.44

0.00 0.00 0.00
-0.07 0.22 0.19

0.00 0.00 0.00
-0.03 0.13 0.19

0.00 0.00 0.00
0.19 -0.44 0.32

0.00 0.00 0.00
-0.07 -0.35 0.00

0.00 0.00 0.00
-0.16 0.06 -0.12

30

4.10 0.00 2.10
-0.03 1.26 0.00

0.00 0.00 0.00
-0.03 0.06 0.00

0.00 0.00 0.00
0.03 -1.20 0.00

0.00 0.00 0.00
1.01 -0.16 0.13

0.00 0.00 0.00
1.07 -0.70 1.94

0.00 0.00 0.00
-0.31 0.00 0.31

0.00 0.00 0.00
1.45 -0.34 -1.07

0.00 0.00 0.00
0.00 0.00 0.00

0.00 0.00 0.00
-1.51 0.00 0.06

0.00 0.00 0.00
0.07 0.00 -0.44

0.00 0.00 0.00
-0.07 0.22 0.19

0.00 0.00 0.00
-0.03 0.13 0.19

0.00 0.00 0.00
0.19 -0.44 0.32

0.00 0.00 0.00
-0.07 -0.35 0.00

0.00 0.00 0.00
-0.16 0.06 -0.12


0

5

15


30

-0.60 0.00 -6.60
-0.03 0.00 0.00

0.00 0.00 0.00
-0.03 -0.44 0.00

0.00 0.00 0.00
0.03 0.38 0.00

0.00 0.00 0.00
1.38 0.06 1.01

0.00 0.00 0.00
-0.69 -1.57 1.70

0.00 0.00 0.00
-0.12 -0.38 0.31

0.00 0.00 0.00
1.19 0.00 -1.82

0.00 0.00 0.00
0.00 0.13 -0.74

0.00 0.00 0.00
-1.70 0.13 -0.16

0.00 0.00 0.00
0.19 0.00 -0.25

0.00 0.00 0.00
-0.19 -0.06 0.00

0.00 0.00 0.00
-0.03 0.07 0.19

0.00 0.00 0.00
0.00 0.31 0.26

0.00 0.00 0.00
-0.07 -0.35 0.00

0.00 0.00 0.00
-0.10 0.06 -0.06

15

-0.60 0.00 -6.60
-0.03 0.00 0.00

0.00 0.00 0.00
-0.03 -0.44 0.00

0.00 0.00 0.00
0.03 0.38 0.00

0.00 0.00 0.00
1.38 0.06 1.01

0.00 0.00 0.00
-0.69 -1.57 1.70

0.00 0.00 0.00
-0.12 -0.38 0.31

0.00 0.00 0.00
1.19 0.00 -1.82

0.00 0.00 0.00
0.00 0.13 -0.74

0.00 0.00 0.00
-1.70 0.13 -0.16

0.00 0.00 0.00
0.19 0.00 -0.25

0.00 0.00 0.00
-0.19 -0.06 0.00

0.00 0.00 0.00
-0.03 0.07 0.19

0.00 0.00 0.00
0.00 0.31 0.26

0.00 0.00 0.00
-0.07 -0.35 0.00

0.00 0.00 0.00
-0.10 0.06 -0.06

10

-0.60 0.00 -6.60
-0.03 0.00 0.00

0.00 0.00 0.00
-0.03 0.44 0.00

0.00 0.00 0.00
0.03 -0.44 0.00

0.00 0.00 0.00
1.38 -0.78 0.13

0.00 0.00 0.00
-0.56 -1.14 0.31

0.00 0.00 0.00
-0.12 -0.25 -0.07

0.00 0.00 0.00
1.32 -0.03 -1.51

0.00 0.00 0.00
0.00 0.13 -0.74

0.00 0.00 0.00
-1.70 0.13 -0.16

0.00 0.00 0.00
0.19 0.00 -0.25

0.00 0.00 0.00
-0.19 -0.06 0.00

0.00 0.00 0.00
-0.03 0.07 0.19

0.00 0.00 0.00
0.00 0.31 0.26

0.00 0.00 0.00
-0.07 -0.35 0.00

0.00 0.00 0.00
-0.10 0.06 -0.06

10

-0.60 0.00 -6.60
-0.03 0.00 0.00

0.00 0.00 0.00
-0.03 -0.69 0.00

0.00 0.00 0.00
0.03 0.63 0.00

0.00 0.00 0.00
1.51 0.06 0.88

0.00 0.00 0.00
-1.51 -1.63 1.70

0.00 0.00 0.00
-0.12 -0.06 1.06

0.00 0.00 0.00
0.69 -1.01 -1.82

0.00 0.00 0.00
0.06 0.00 -1.69

0.00 0.00 0.00
-1.70 0.13 -0.16

0.00 0.00 0.00
0.19 0.00 -0.25

0.00 0.00 0.00
-0.19 -0.06 0.00

0.00 0.00 0.00
-0.03 0.07 0.19

0.00 0.00 0.00
0.00 0.31 0.26

0.00 0.00 0.00
-0.07 -0.35 0.00

0.00 0.00 0.00
-0.10 0.06 -0.06

10

-0.60 0.00 -6.60
-0.03 0.00 0.00

0.00 0.00 0.00
-0.03 -0.69 0.00

0.00 0.00 0.00
0.03 0.63 0.00

0.00 0.00 0.00
1.51 0.06 0.88

0.00 0.00 0.00
-1.51 -1.63 1.70

0.00 0.00 0.00
-0.12 -0.06 1.06

0.00 0.00 0.00
0.69 -1.01 -1.82

0.00 0.00 0.00
0.06 0.00 -1.69

0.00 0.00 0.00
-1.70 0.13 -0.16

0.00 0.00 0.00
0.19 0.00 -0.25

0.00 0.00 0.00
-0.19 -0.06 0.00

0.00 0.00 0.00
-0.03 0.07 0.19

0.00 0.00 0.00
0.00 0.31 0.26

0.00 0.00 0.00
-0.07 -0.35 0.00

0.00 0.00 0.00
-0.10 0.06 -0.06
